4.484486873508353 0.1567723342939482
4.348448687350835 0.05072046109510109
4.262529832935561 0.025360230547550655
4.152744630071599 0.032276657060518854
4.081145584725537 0.05302593659942367
4.014319809069212 0.06455331412103749
3.9498806682577565 0.05533141210374648
3.8687350835322194 0.046109510086455474
3.8496420047732696 0.10835734870317015
3.828162291169451 0.1268011527377524
3.8042959427207634 0.09682997118155634
3.775656324582339 0.06455331412103749
3.7374701670644392 0.05763688760806929
3.6372315035799523 0.09452449567723353
3.594272076372315 0.1475504322766572
3.575178997613365 0.20518731988472638
3.556085918854415 0.23976945244956782
3.5250596658711215 0.2766570605187322
3.455847255369928 0.2927953890489915
3.3818615751789975 0.32276657060518743
3.2935560859188544 0.33198847262247855
3.18854415274463 0.34351585014409236
3.124105011933174 0.34582132564841517
